INDEX 111.

Dunby, Η111116111 de, 252.

11668111611111166161, 161.

1111611116, edfridus 61, 257.

11116166, Simon, 116.

Dunmawe, 1843 hund* 61, 111, 134, 1403
1661111 61, 111, 112; 61166111 61,

1166166, 233.

Dum 166916, 196.

1161161111, Mattheus, 250.

Dutighmt, 128.

Dum, Simon, 235.

Eumene, 1611161111, 149.

111161, labella qun 1611 uxor Stephani de,

—- willielmus 69, 249, 253.

Ε11111166, 11166111 61, 252.

Ε11161611, 1111111161 61, 250.

1111116111, willielmus de, 258.

1166116111, ’11166111 61, 249.

1161161661, 6611111111, 111161 111611μῇ11666
1111161 1111661611οωὶ66, 198.

1161111661, 1161111161, 125, 203, 231, 235, 243,
251 3 111611 mummius, 186, 211,

1616611166, 115.

11661111, Stephanus 61, 234.

11316161, 1161666661, 256.

11ςί6161, dominun, 249.

-ι- ffl' Ν10110181, 2⁵4·

1111, Hugo 61, 260.

11111166, 1611161111 61, 190.

11111, niardus. 194.

111111616, 255.

1111616161, 233.

-- Hugo fll’ willielmi 61, 138.

.-..-- Mauricius 61, 11 161 uxor 6111233.

11166, Simon de, 116.

Ely, Hely, vel Heily, 161611 61, 131, 132,
167,172, 178, 192, 204, 213, 216,
218, 219, 220, 221, 224, 232, 283,
284, 236, 287, 288, 240, 241, 244,

1166611111, 1116111161 61, 252.

Empinghsm, ,1611116611 61, 1711.

1166161661, 1116161161, 254.

1163116111, 1166661, 137.

Engehon, 1116161161 61, 212

116311, Lucas, 61 West 1161611, 230.

11631116161116, 139.

Engleaehevill, 1111616661 61, 265.

Engleyn, 0116166111, 143.

·-- 1611116611 11, 142.

11111161, 227.

Emer 16161161, 111, 111.

1111666661, Ρ111111 61, 250.

11161111, 1116661161, 250.

11111111, 253.

1116136166, (1111116611, 256.

Esse, 140.

.... 1116111161, 255.

11111, 611661, 111, 197.

-111111166111111111116116111111666111

11 11111611 David 61 Esseni, 150,
156, 184.

116611, 1111111111 61, 167, 191.

11111161, Stephanus de, 236.

Emex', 1161666111 61, 1116161161 118ρὶ661611

11111, 61611661 61, 255.

1111111183 1161111161 61, 254.

1111116111, 141.

Estfflbiry, 115, 11116.

1111111, Andrus 61, 1623 611111 ’116161 61
1111111, 177, 198.

-— ,1611111611 dg 257.

1111011, 149, 154.

Eamne, 254.

1111611, 280, 264.

1111116611, 255.

Etling, willielmus 61 235.

11666 filius Warini, 165.

11116, matilda, 222.

11611, 1161111161, 229.

1111116, 1611116611, 133.

11111666, 195.

Evennond, willielmus, 61 6111111166, 190,

11111100, 252.

1111111111,1161116 61, 103 et panim.

1161661161 fil· Mabfflae. 233.

En, osbertus 61, 116111161 6616161 11611161,

Ena, 1116161161 11, 189.

11116611, 1161666661, 61 1166666, 227.

1111111, willielmus 61, 252.

111166, 253.

Eye, 221611.

1111111616, 1111116661 61, 255.

Eynho, 1111111 de, 193.

1111111, 1611161111 de, 248.

.-. Nicholaun 61, 250611.

-- Robertus 61, 253.

faber, 111111, 205.

-- 6111116111, 123.

1111611161, Rogatus de, 117.

1116611, 167.

1111111116, 249.

1111111111, hund* 61, 151.

Farnbrigge, 136.

11616611, (11111661 61, 173, 247.

1116161166, 256.

Fnligh. 260.

1166666113, walterus 61, 253.

1111161161, 1111661661 61, 129111.

Fnukener, 0111ῐί661 11, 106.

1116116111 11, 106.

11161161, 134.

166611, Agnes que fuit un' willielmi de, 259.

16116111, 11111161, 213, 216.

-—·- Willielmun, 214, 216.

1161111, 1631116161 61, 265.

1111111, 1116111161,6161.161116611 le Moyne
11 hem (11111161, 261.

Fanum, 161111 61, 197, 201, 212. Vide
Dn'nn'.

111111, Rogatus de, 233.

Fertur vel F nnr', ’11166111 11, 199, 256.

1111111 vel 111111611111166111111, 131, 134,

11116311, 1166116161, 117.

--- 1116616661, 117, 118.

.-...... 1111116616161, 119.

 

