INDEX 111.

Fertingoeton 250.

1100011011, 1110001101 10, 188.

1111101, 03001224.

lun, walterus, de Wnudegrnve, 210.
110οο101010, 140, 255.
111οώ110257.

11103101, 181.
8100000010, prior 00, 201.

11110110, Hennam, 251.
Fimbnne, 227.

81101100, 260.

111000, 50010001 10, 116.
111111110οη, Johmnoe (10, 115.
1111110110, 258.

110000, 1411001215.

11030013, 252.

110300, Α3001,0οΤ1111111110100, 241.
11010103, 1110001101 10, 116.
...- 1110010111 10, 251.
- walterus 10, 218, 248.
1111100110, 5100001, 180.

Flore, 167.

-- niardus 00, 154, 251.
-- Willielmus 00, 250
6000003010, nostrum 00, 206, 207111, 212.
Fu, Ernoldus (10, 229.
80100101, 252.

110Ιο1111, J 0010000 00, 248.
1101101, 10011001, 258.

1100111101 Monte, 111011 00, 268.
11011ὶο01, soltanus de, 264.

80το0111101, 1101101011, 128.

110100, 12100101 00, 184.
’11010000110010000 00, 218.
11011111, 190.

11010110, willielmus, 250.

110001, Philippus 10, 255.
110ιο0100, 189.

Frank, 61100001 128.
111100001ογ00, willielmus, 215.
111011, 11100111, 140.

11111100, Ηο30 00, 250.

Frennvill, 10010000 00, 264.
Froeurt. Rogana, 200·

111010, ,1011101100 10, 189.

111010, Andron, 00 1100011100, 229.
-— 50010001, 00 1100011100, 229.
1110110001, 1100010001 00, 281.
1110100100, 255.
110111030010010000 0001110011001011010301,
Prome-hereberti. 259.
Fromoindus carnifex, 198.
1110011011, hund’ 00, 115.
1100130110, 217.

1103101, 261.

80000130 vel Finebergh, 217.

11010011, 1103011010, 252.
1101011111, 6011100100, 182, 255.

6100110, 611111ου1, 181.

610, Simon, 197.

6101, 10010001, 119.

Gniton. 2⁶2.

6010110010, 10010001 00, 240.
6111110110 111 Michaelis, 128 tt..
——-- 11 ampsani«, 111.

61101001, prepositus, 122.

6000003010, 247.

60100001, 611001101 10, 146.

6011101010, 257.

6110010011, nicholaus, hostiarius (10, 255.

6110, willielmus 00 ln. 146.

6011001110, 1103010100, 187.

Gonnum, Willielmun, 220.

Gatebir', liudulphus de, 251.

61101001, 1110111000 00, 252.

61031101 60031, 50010000, 221.

-- 11110101 00, 260.

-- willielmus 00, 250, 265.

60001, 1100110011 00, 188.

600101110, 6111111001 00, 254.

6010101, Magno, 189.

--“Ρ..ν., 139.

6010101110, willielmus 00, 221.

6011030110, 11030, 221.

6011001, 1101101100, 106.

601001, Roget-uo, 242.

601000, 6010000101 6011100, Benedictus, 118

——- 11110111ρο110, 130, 141, 249, 263.

—-·- willielmus, 263.

6011011, walterus, 128.

6001, 1101000100, 224.

6111010, 10000000, et 111101 ojus otbertus, 187,
138, 183, 185, 211, 217.

—- Rogenu, 236.

—- 101 601010, willielmus, 105, 106v
107, 116, 129, 140, 211.

613001, 11οο0110000, 262111.

(1130001000οω de, 111, 11010, 110.

6110001010, 1110010111, 145.

61100000 constabularius Johannis 0081111101.

-111103600101

- 111¹ Johnnnis, 142.

6110000130, hund· 00, 151.

6110010111, 150.

6800003010, 256.

61101111, 255.

61111030, 251.

(1111103011111258.

(tinges, 100, 010.

-—- 0100110, 125.

··—— 11031010, 181.

6103111010, willielmus 106.

6100010, 1110001100 00, 119.

Gippewioh [Ipswich], 124, 182, 218111, 217,

(11368111, 118111111111118) 198.

6100103, Willielmus oopellnntu de, 226.

611010, 252.

610000, walterus 00, 145.

610110’,οο1(10,1240“.1, 127 tta, 128, 129111,
131, 133101, 184, 135 011, 136,
137011, 139 ter, 140011, 141, 151,
177, 189, 199, 205, 209, 217.Ι

-- 0011111011,184, 189, 141, 142..

-- constan, 250.

-- 10010001 00, 256.

-- 1111101011εά0, 115, 289.

--- willielmus de, 115.

60001, 1110001000, 215.

600100, 80001101, 257.

-ι-ι walterus, 125, 128, 133, 256..

. 6000001, Stephanus, 128.

118

 

