INDEX 111.

3141114, Thomu, 145. 3144411114, 34411444 44, 202, 208.
--- willielmus, 220, 221, 222111. 3111411411ὴί4250.
3144441444, ’11144111 44, 248. 3144141414, 1144111141 44, 247.
3111111444,1111111 44, 187. Braiboffi Simon 44, 252.
3111411114 141 3111411441, 344441414444, 121, 3111111, 224.
122, 224. 314411441111144, 2081 depredata, 162.
3111141πί41, 188. 3144444144, 261.
3144111, 64141444 44, 260. 31144, Rogatus, 240.
311444114111, willielmus, 128. 3114414114, 140.
3114144, 1144444, 227. 31114444, 1411411444 44. 191.
314444, 1141141144 14, 128, 191. 3144, 1411411441 44, 250.
-- 1141141144 fil· 1144144114, 249. - 11444141144 44, 251.
-- ’1141414 14, 184. - Thomas de, 158.
-—- willielmus 14, 41 1111114144 1111141 ejus, 3141111414, 11441444 44, 248.
142, 185. 3141144, 1111111444 44, 248.
31411441, Simon, 244. 3141, 1144414, 184.
3144414144, 184. -14114414 249.
Bobingeworth, Riwdus 44114111 44,]18. 314144 vel 314144,.1411“4414, 141, 188, m.
3441111114, 1411114444 fll’ willielmi 44, 285. -·- Thomu 14, 220.
3441111114, 1411114444 (14, 258. -—- willielmus 14, 220.
3114141114, 1114411114 44, 205. 314414141314114· 141314441411141144144. 226,
341144, Humfridus (14, junior, 114, 115, 127. 227.
...- Μωρὴω ἀρ, 257, Buws', 1141111141, 1441141111· 11411111 111411,
Boion, 1114414144, 248. 150.
3414111111, 1141141144 44, 284. —--· Willielmus de, 128.
24114444,114111’114, 114, 115, 111. 314111. Hugode, 256.
3411444, Philippus 44, 228. Briau, 1414444144, 249.
3414414141», willielmus, 126. —-- 11141411, 196.
34144144, 114411444 44, 125. 3114114, 141.
3414114, 114411441, 126. 3444411414, 250.
34141111, 3141141444 44, 262. 3114441144, 250.
3444144444, 111411444, (14 London‘, 188. Brisinghmn, 222.
3444, 114114111414, 198. ’11141411 (14, 228.
--· Regem, gneio 1111141Μ4114441, 198. 3111411, 1144114111 44, 250.
3444414441, Stephanus, 128. 311113444444, 111.
34441411, willielmus, 44 covinton, 288. 31114411, 226.
3411411114, 3111411444, 187. 3144441111, willielmus 44, 249.
341114, 31411441, 254. 31441, Rogana de, 145.
34111114, Sale 44, 122. 3141441411, 250.
344114, 1411111441, 258. 3141411414111111411114144, 128.
34144, 1114111444 44, 229, 257. 3111411444, willielmus de, 248.
-- 1141141411 44, 106. 3144, Simon 44, 250.
3114441414, 11411444, 218, 224. 3144, 252.
34441111, 1141141141 44, 258. —- 3141144414, 220.
34411441, 44114114 44, 224. 3144441141, Ν141141144 41, 4141111141 114
[344144 villu Sancti 3411114111, 215. 411, 256.
341411, 141144, 158. 31444441414,44441411’ 44, 252.
3414111444, 1141141414, 247. 3144, 3414111444 44, 258.
--- willielmus, 41 3414144411414144, -- Petrus 44, 258.
190. -— 1114414114 (14, 242.
31111141 vel 3411141, nugo 14, 194. -- 1141141144 44, 180, 204, 258.
-14111444414 116. 31411441144444, 191, 208, 211.
--··- 3141144414, 184. Bryant, eilbertus de, 268.
“ ——- 1141141114 14, 41 Avelim 4141 ejus, Buchisehing, 11444144 129.
262. 3441441114, 227. ’
3414441441, 1141141144 44, 144. 3444144441111, 180.
4044441144414. Bukeminister, 114.
341114, 3411111444 (14, 255. 3414111414, 229.
-- 1141141114 44, 189. 1141411114, 1114111441 44, 204, 205.
34411443141144444161. 34114144,11’111414444, 179.
34111444, 141. 34141414, 1141141141 44, 258.
3441444, 1114414111 411, 222. 341414144, willielmus 44, 188.
3441, 1141141141 44, 208. 341141, 1141141141, 256.

· 34411414, 1141141144, 208. 34114414, 188.
344144, willielmus 44, 217. 3414111411. Ι1105·

Bur-coburg, 1411111441 (14, 258. Burd, 'stom 281·

31141414, 41141 44, 187. 341441, 3411111444 44, 178.

3114441411, willielmus (14, 178. 341441431111414144 258.

31144144, Regem de, 250. Burehleg', 1144414444, 247.
11111. Pu. U

 

