INDEX 1.

6181101310111111110, 16. 1110111111, 11111, 86.
--·- 1118111101 munde. 16. 1111111101, willielmo, 20.
Goroeeye, 1111181 80, 8. 1111111111, 1101110111 110, 5.
(11111011, 1118111, 18. 11111, 1101011 01, 9.
—· willielmus, 11111001, 88. - 1101111010011111, 9.
(111811101811111011,14,16. Leke, 0001011180, 86.
0811300110. 11113181 1111111180,18.
(1111001, 8118011101 de, 17. leprosi 81 Pudnu, 16.
(1111101, abb-tia 81, 81 rerumne 1111111 do, Lexinton, 14, 17.

94. -- 1011111111, 16, 11.
--ρτίο11100111101’80,2. —-- Ρο1101111 111880, 16, 17.
(1111011111, abbani· 80, 8. Limoric', regnum de, 21.

Gnnmburg'‚ 15. 11110011, comitatus, 7 1123 00010111 811, 61

(1111, 1111111101 111, 011011111· 1111111, 12 episeopus 80, 14, 95, 865 opisoopat'
811, 85, 88, 87, 38. 6, 14, 86.

(1101101111, 080 81, 8. ’

(110110 moute, 01100111 81, 5.

(10111100, 11030 de, 8.

1110011, coelen: 81, 27. london [episo']‚ 7, 15 811, 86.

1111100011, 1110111801 de, et J. 1111110101, 7. -- Laurentius de, 9.

1111110101011110108021. -1101101100 8111001111ςί1, 19, 20.

1111ιί113, prebens 10, 15. 10118011, (1110111801 11 1101111101 80, dorio!

-— eeclesiasminodmims· , 1111111111.

1111111108, 1111111801 do, 8. Luey, Goufridus de, 5, 28, 28.

11111, 1101101101 80, 82. · —Philippus de, 4, 18, 14, 16, 17, 28, 25,

1111800001 de, 2· , 28, 99, 88.

..11111802 -8110101110118018

1111111111, 1110011181, 01110111’11011110’11’ Canu, 1081111, (1101118111, 18.

1111111001 111 11111, 29. Μ. «101111 1111111111, 2, 8.

1111111001 9⁴¹⁶, 1111 Annua, 10, 16. Μ. 111111111101110· 1111111111, 16, 21, 22,

1101111111ωῆ1 (1081111111, 25. 28.

1111110110, Ε. 11118, 2, 29, 86. Μ181101, 8111010081 11011011, 18.

1111111001, 01111001 Repu 12, 27. Maning· Est, 1001011181, 17.
1111311111011181,01111108’81,21. -- prebenda 81, 12 111.

1111111111, 8, 21, 28. 1111111111, 1111118180, 5.
Η1111111,1“01110’80, 2, 8, 18, 21, 22, 28. Malo 100110, 8111800181, 10111, 21.
11010033 1101111101, 25. 1101010110, 9.

11010027. 111118, G.. domino 80 Μο111081,110001·81,
Honorius 11811811ωο01 1111110008, 6. 24.

11011111 1100110100101 0111, 4, 5, 12, Mundam, 1100080180, 24.

28. 111111011101, W. 001111, 1, 19.
11ος0 81 8111010 Phinoero, 29. W. 11 11111111 80 Aura, 18.
1110τί018, Winnuo 111, 15. Marino, (1101880180, 8.

Martinus 010010811111081015.
18001111, Merevyd 111 6001000011 111, 15. 11111111 fil· 11111111, 86.
—-- 111811ῐί801 111, 15. —- 00111101 (11111011, 2.
1110111001, fratros 1101ρί111 80, 18. 1118101011 Ηο11111187.
Insula, Simon de, 82, 88. nonan, 85, 87.
11110111, 82. Μ11010111101001 1110108, 9.
1110111011, 11. 1111, 14. 1111011010, 1¹1, 18.
1011111 111 11030011, 7, 29. 1111111111, 11111111 et 101880ρο886.
—- 1111 Axona, 88, 87. Μ1101110111,2.
,1011101113 1111111, 18. Vide Humuu. 1110108111, eeclesia 81, 88.
1111101118 111 Gunrunnon' fil· Idonovet'‚ 15.
11111111] 1101111111, 01111118* 80, 21. 1110111018, 8 8111 cornero Regu opud,
1101111111, 18. 18.
1111018111, castrum 81, 21. 111111080801111110181, 241 10110181, 24.
Kirna, Simon 80, 7. 1110111111, p'non' 10010111· 81 (1081101, 16.
King, Edwardno, 11. 1118801100, 0001011180, 14.
11111011 1111111, 11111111, 4 111, 12, 18,

laeam, 4. 94.
1110111111111 1110111111, 1, 2, 29, 21, 90, 81, 1111111181, 00010111 81118.
82. ’ Μοπ101111, 21.
1110317111. a 11011011, Ρ1110181, 26.
lande, Emldus 80, et Gnylnrdm 1818101118 11010011 aot, 8.
81. “ Monte 111010, Willielmun 80, 88.

’18

 

